wp1:40.12331;20.33333;30000;300
wp2:40.50000;22.22222;29000;400
wp3:42.23123;18.00031;31000;500
wp4:45.00000;12.32321;31000;700
wp5:50.12312;-9.12312;20000;800