wp1:40.12331;20.33333;7000;300
wp2:43.50000;22.22222;8000;400